MainFont = 20;
FONTNAME = Arial;
debugMode = -1;
DrawingMode = 5;
WindowStyle = -2146959360;
SizeOfScreen.x = 1280.000000;
SizeOfScreen.y = 720.000000;
